$1
$162
$330
$429
$724
0
0,1
0.011
0.19
0.22
0.25
0.27
0.35
0.5
0.533
0.858
00
000
003
005
01
010
019
02
021
0299
03.00
04
04.00
0400
05.00
06
06.00
06.25
06.30
066935
07
08
08.00
09.00
0em
1
1.000
1.136
1.157
1.161
1.18
1.200
1.214
1.223
1.294
1.3
1.354
1.498
1.5
1.528
1.600
1.742
1.778
1.789
1.8
1.853
1.919,69
1.991
10
10,41
10.00
10.201
10.7
100
100.000
1000
10000
10001594
10002382
10008029
101
1016
1016m
1024
1032
104
105
1058
106
1079
1082
108381
1088
1094
10AM
11
11.117
11.836
11160
1119
112
1120
113
1154
1158
1172
1178
1183
11th
12
12.00
12.30
12.4
12.957
120
121
1238
1255
126
1268
1287
1289
129
1293
13
13.00
13.457
13.546
13.561
130
1311
1327
133.065
1344
1349
137
1395
14
14&nbsp
14.35
14.543
14.641
140
1404
141
142.537
1436
1439
145
1456
1457
147
1473
1479
1481
1487
149
15
15.8
15.847
1500
1511
1512
1518
152
1521
1535
155
1550
1571
1576
1585
1587
16
16.00
16.30
16.4
16.470
16.865
1600
16000
160000
1602
16083
161
1615
1616
1629
1633
1637
1655
1656
1668
1671
1675
1683
1686
1689
1691
17
17.00
17.000
17.22
17.440
17.59
170
17000
1703
1716
172
1722
1729
1736
1739
1740
1749
175
1753
1754
1755
1757
176
1763
1765
1771
178
1780
1781
1782
1788
1791
1792
1799
18
180
180.254.8.5
1800
1802
1805
1810
1811
1812
1813
1814
1815
1818
1819
1820
1821
1824
1825
1826
1828
183
1832
1834
1835
1836
1840
1841
1843
1845
1850
1852
1853
1858
1861
1863
1866
1867
1868
1869
1870
1871
1872
1877
1879
188
188.44
1880an
1881
1883
1884
1885
1886
1887
1889
1890
1891
1892
1894
1895
1897
1898
1899
18x
19
19.000
19.30
190
1900
1903
1905
1907
1909
1910
1911
1912
1914
1915
1916
1917
1918
1919
1920
1921
1922
1923
1924
1926
1927
1928
1929
1930
1931
1932
1933
1934
1935
1936
1937
1938
1939
194
1940
1941
1942
1943
1944
1945
1946
1947
1948
1949
1950
1952
1953
1954
1955
1956
1957
1958
1959
1960
1961
1962
1963
1964
1965
1966
1967
1968
1969
1970
1971
1972
1973
1974
1975
1976
1977
1978
1979
1980
1980an
1981
1982
1983
1984
1985
1986
1987
1988
1989
1990
1990an
1991
1992
1993
1994
1995
1996
1997
1998
1999
19:4-6
1NZ
2
2.000
2.136
2.139
2.180
2.211
2.224
2.300
2.405
2.500
2.667
2.883
2.904
20
20.00
20.15
20.9
200
2000
2001
2002
2003
2004
2005
2006
2007
2008
2009
201
2010
20103940
20108586
20109269
2011
20110034
2012
2013
2014
2015
2018
2030
204
2048
205
21
21.912
210
21000
2117
2125
2137
22
22.093
22.120
22.131
22.5
22.800
220
223
227
23
23.30
23.424
23.729
231
233
235
238
24
24.400
244.625
25
25.000
250
250.000
254
256
26
27
271
2782
28
28,57
28.130
28.488
29
291
292
293
294
295.658
296
298
29K
2ZR
3
3,5
3.0
3.000
3.031
3.037
3.207
3.216
3.602
3.78
3.805
3.812
3.849
3.948
30
30.000
300
3000
30027
3050
308
31
312
313
314
32
329
33
33.000
330
333
33º
34
34.312
341
346
35
35083
351
351111011
352.000
353
356
356.682
359
35952
35954
36
37
370
38
38019
38031
384
385.162
39
39.762
395
396.000
399
3x
4
4.000
4.100
4.191
4.300
4.303
4.5
4.734
4.755
40
40.129
400
41
410
413
42
423
43
43.576
431
44
441
445
446
45
450
46
463
47.973
473
475
48
48.000
48.862
480
487
489
4th
5
5.157
5.201
5.569
50
50.000
500
500.000
502
504
509
51
51.161
51.6
52
53
53000
5308
539-545
54
54.026
54.185
548
549
55
550.000
550000
553
56
57
570000
58
580.000
59
6
6,3
6.000
6.515
6.994
60
600
6000
605
6122
618
62
624
625
627
63
630
633
636
64
65
65.75
650
654
659
66
66.560
66.608
67
678
68
68.808
686
694
699
6q12
7
7.0
7.300
7.8
70
700
70000
71
711
72
725
73
73.438
74
747
75
750
754
755
76
760
764&nbsp
764.300
77
78
787
79
795
8
8.000
8.400
80
800
8000
805
8080
81.000
816
8189
82
820
8298
83
837
84
84454
85
86
86153
86262
864
86461
87.592
879
88
896
9
9.5
9.8
90
900
9000
901
91
924
93
936
94.155
95
954
96
97
970
976
98
981
988
99
99,9
993
9mm
BNI
Delapn
I
II
III
IV
IX
LKTIMI
MB
MFI
MHz
Megapiksel
PSSI
Palembang
REVOLUSI
RM
RSI
Trilliun
V
VI
VII
VIII
VVV
XI
XII
XIII
XIV
XV
XVI
XXII
abd5f5
an
belas
berapa
bit
buluh
buta
delapan
dua
duapuluh
em
emapat
empat
enam
f1fcf5
gigabyte
gram
ha
inch
inchi
juta
jutaan
ke
ke-4
kedelapan
kedua
keduanya
keempat
keenam
keenamnya
kelima
kesembilan
ketiga
ketujuh
kilometer
km&sup2
km²
lima
mdpl
meter
mil
miliar
mm
muda
perkelas
persen
pertama
pertamanya
puluh
puluhan
puncak
q21
ratus
rem
ribu
satu
satunya
sebelas
segitiga
sejuta
sembilan
sentimeter
sepertiga
sepuluh
seratus
seribu
set
setengah
tiga
trilyun
tujuh
–